ambient[]={1.1995435e-008,7.9058111e-007,3.6962331e-007,0.99999827};
diffuse[]={0,3.7893653e-007,3.1374395e-007,1};
forcedDiffuse[]={0,0,0,1};
emmisive[]={0.99999923,0.99999994,0.99999946,0.99999934};
specular[]={0,0,0,0};
specularPower=1;
PixelShaderID="Normal";
VertexShaderID="Basic";
